-127 -237 -47 -51 149 25 151 1 46 -153 -69 -183
219 119 47 54 98 -145 152 115 20 182 3 -164
182 104 -55 -58 186 125 -20 73 -85 -101 -118 -165
311 267 -42 -10 57 121 -42 55 -169 180 -91 70
70 -72 -199 -10 110 41 107 28 43 130 -89 -35
123 136 5 5 -102 14 62 158 -163 194 -122 149
177 184 210 60 -61 -99 173 22 -216 -130 -45 52
64 -102 -163 -249 328 276 -33 2 -45 161 -147 107
-99 -58 174 174 -260 -218 161 -36 -245 91 20 258
-8 75 299 20 -265 -62 28 20 -83 -57 14 278
182 244 30 -61 -117 49 -249 195 66 209 -95 113
-154 40 78 -49 -120 47 -58 -95 27 16 -76 164